[gd_scene load_steps=36 format=2]

[ext_resource path="res://src/ship/player/PlayerShip.tscn" type="PackedScene" id=1]
[ext_resource path="res://src/Asteroid/Asteroid.tscn" type="PackedScene" id=2]
[ext_resource path="res://src/GUI/MainGui.tscn" type="PackedScene" id=3]
[ext_resource path="res://src/MainScript.gd" type="Script" id=4]
[ext_resource path="res://src/circuit/Checkpoint.tscn" type="PackedScene" id=5]
[ext_resource path="res://src/Camera/InterpolateFollow.gd" type="Script" id=6]
[ext_resource path="res://src/circuit/CheckpointMain.tscn" type="PackedScene" id=7]
[ext_resource path="res://assets/Background/background.png" type="Texture" id=8]
[ext_resource path="res://src/env.tres" type="Environment" id=9]
[ext_resource path="res://src/circuit/Arrow.tscn" type="PackedScene" id=10]
[ext_resource path="res://src/Asteroid/Asteroid.gd" type="Script" id=11]
[ext_resource path="res://src/Asteroid/asteroid_5.tscn" type="PackedScene" id=12]
[ext_resource path="res://src/Asteroid/asteroid_2.tscn" type="PackedScene" id=13]
[ext_resource path="res://addons/scatter/src/core/scatter_item.gd" type="Script" id=14]
[ext_resource path="res://addons/scatter/src/core/scatter.gd" type="Script" id=15]
[ext_resource path="res://src/circuit/level_1.tres" type="Curve3D" id=16]
[ext_resource path="res://src/ship/IA/IAShip.tscn" type="PackedScene" id=17]
[ext_resource path="res://src/Asteroid/asteroid_4.tscn" type="PackedScene" id=18]
[ext_resource path="res://src/Asteroid/AsteroidPhysicsMaterial.tres" type="PhysicsMaterial" id=19]
[ext_resource path="res://src/Asteroid/asteroid_1.tscn" type="PackedScene" id=20]
[ext_resource path="res://src/Asteroid/asteroid_3.tscn" type="PackedScene" id=21]

[sub_resource type="Curve3D" id=1]
_data = {
"points": PoolVector3Array( 0, 0, 0, 0, 0, 0, 206.729, -0.0233154, -76.4771, 0, 0, 0, 0, 0, 0, 145.771, -0.0202942, -155.776, 0, 0, 0, 0, 0, 0, 9.80093, 0.0608521, -131.118, 0, 0, 0, 0, 0, 0, -82.4452, 0.0489502, -178.05, 0, 0, 0, 0, 0, 0, -233.08, -0.0675507, -163.292, 0, 0, 0, 0, 0, 0, -319.116, -0.0675201, 36.6782, 0, 0, 0, 0, 0, 0, -176.701, -0.0673981, 173.699, 0, 0, 0, 0, 0, 0, -65.6296, -0.0675201, 27.9386, 0, 0, 0, 0, 0, 0, 58.3749, -0.0675201, 110.213, 0, 0, 0, 0, 0, 0, 164.217, -0.0675201, 62.7291, 0, 0, 0, 0, 0, 0, 220.859, -0.0675201, -45.7005 ),
"tilts": PoolRealArray( 0, 0, 0, 0, 0, 0, 0, 0, 0, 0, 0 )
}

[sub_resource type="CapsuleMesh" id=3]
radius = 1.52
mid_height = 0.001
rings = 20

[sub_resource type="VisualShaderNodeFresnel" id=4]
default_input_values = [ 2, false, 3, 5.0 ]

[sub_resource type="VisualShaderNodeColorConstant" id=5]
constant = Color( 0.753052, 0.786754, 0.96875, 1 )

[sub_resource type="VisualShaderNodeScalarInterp" id=6]

[sub_resource type="VisualShaderNodeScalarUniform" id=7]
uniform_name = "shield_strength"

[sub_resource type="VisualShaderNodeVectorInterp" id=8]

[sub_resource type="VisualShaderNodeColorConstant" id=9]
constant = Color( 0.976563, 0.423431, 0.423431, 1 )

[sub_resource type="VisualShader" id=10]
code = "shader_type spatial;
render_mode specular_schlick_ggx, unshaded;

uniform float shield_strength;



void vertex() {
// Output:0

}

void fragment() {
// Color:7
	vec3 n_out7p0 = vec3(0.976563, 0.423431, 0.423431);
	float n_out7p1 = 1.000000;

// Color:3
	vec3 n_out3p0 = vec3(0.753052, 0.786754, 0.968750);
	float n_out3p1 = 1.000000;

// ScalarUniform:5
	float n_out5p0 = shield_strength;

// VectorMix:6
	vec3 n_out6p0 = mix(n_out7p0, n_out3p0, vec3(n_out5p0));

// Fresnel:2
	float n_in2p3 = 5.00000;
	float n_out2p0 = pow(1.0 - clamp(dot(NORMAL, VIEW), 0.0, 1.0), n_in2p3);

// ScalarMix:4
	float n_in4p0 = 0.00000;
	float n_out4p0 = mix(n_in4p0, n_out2p0, n_out5p0);

// Output:0
	ALBEDO = n_out6p0;
	ALPHA = n_out4p0;
	EMISSION = n_out6p0;

}

void light() {
// Output:0

}
"
flags/unshaded = true
nodes/fragment/0/position = Vector2( 360, 160 )
nodes/fragment/2/node = SubResource( 4 )
nodes/fragment/2/position = Vector2( -620, 60 )
nodes/fragment/3/node = SubResource( 5 )
nodes/fragment/3/position = Vector2( -260, 400 )
nodes/fragment/4/node = SubResource( 6 )
nodes/fragment/4/position = Vector2( -96.0127, 133.975 )
nodes/fragment/5/node = SubResource( 7 )
nodes/fragment/5/position = Vector2( -580, 200 )
nodes/fragment/6/node = SubResource( 8 )
nodes/fragment/6/position = Vector2( -92, 303 )
nodes/fragment/7/node = SubResource( 9 )
nodes/fragment/7/position = Vector2( -400, 340 )
nodes/fragment/connections = PoolIntArray( 2, 0, 4, 1, 5, 0, 4, 2, 4, 0, 0, 1, 5, 0, 6, 2, 6, 0, 0, 0, 6, 0, 0, 5, 3, 0, 6, 1, 7, 0, 6, 0 )

[sub_resource type="ShaderMaterial" id=11]
resource_local_to_scene = true
shader = SubResource( 10 )
shader_param/shield_strength = 1.0

[sub_resource type="SpatialMaterial" id=12]
albedo_color = Color( 0, 1, 0, 1 )
emission_enabled = true
emission = Color( 0, 1, 0, 1 )
emission_energy = 1.0
emission_operator = 0
emission_on_uv2 = false

[sub_resource type="QuadMesh" id=13]

[sub_resource type="SpatialMaterial" id=14]
flags_unshaded = true
albedo_texture = ExtResource( 8 )
uv1_scale = Vector3( 13, 13, 1 )

[sub_resource type="BoxShape" id=15]
extents = Vector3( 367.046, 493.251, 0.1 )

[node name="Spatial" type="Spatial"]
pause_mode = 2
script = ExtResource( 4 )
checkpoints_path = [ NodePath("Checkpoints/Checkpoint"), NodePath("Checkpoints/Checkpoint2"), NodePath("Checkpoints/Checkpoint3"), NodePath("Checkpoints/Checkpoint4") ]
ships_path = [ NodePath("Ships/Player/Ship"), NodePath("Ships/razorback"), NodePath("Ships/Enterprise") ]
player_path = NodePath("Ships/Player/Ship")
camera_path = NodePath("Ships/Player/InterpolateFollow")
path = NodePath("Scatter2")
lap_max = 3
waiting_second = 10
activate_zoom = 7

[node name="DirectionalLight" type="DirectionalLight" parent="."]
transform = Transform( 0.735719, 0.276773, 0.618154, -0.677287, 0.300651, 0.671485, 0, -0.912692, 0.408649, 0, 0, 10.0461 )
light_energy = 1.5

[node name="Gui" parent="." instance=ExtResource( 3 )]

[node name="Checkpoints" type="Spatial" parent="."]

[node name="Checkpoint" parent="Checkpoints" instance=ExtResource( 5 )]
transform = Transform( 0.772113, 0, -0.635486, 0, 1, 0, 0.635486, 0, 0.772113, 57.6036, 0, -56.4199 )

[node name="Checkpoint2" parent="Checkpoints" instance=ExtResource( 5 )]
transform = Transform( 0.351841, 0, -0.93606, 0, 1, 0, 0.93606, 0, 0.351841, -138.285, -3.8147e-06, -135.056 )

[node name="Checkpoint3" parent="Checkpoints" instance=ExtResource( 5 )]
transform = Transform( -0.734678, 0, 0.678417, 0, 1, 0, -0.678417, 0, -0.734678, -158.727, 0, 72.5441 )

[node name="Checkpoint4" parent="Checkpoints" instance=ExtResource( 7 )]
transform = Transform( -0.00352558, 0, 0.999994, 0, 1, 0, -0.999994, 0, -0.00352558, 31.9947, 0, 44.066 )

[node name="Scatter" type="Path" parent="."]
curve = SubResource( 1 )
script = ExtResource( 15 )
bake_interval = 100.0
use_instancing = false
modifier_stack = Object(Node,"_import_path":NodePath(""),"pause_mode":0,"process_priority":0,"script":Resource( "res://addons/scatter/src/core/modifier_stack.gd" ),"stack":[ Object(Node,"_import_path":NodePath(""),"pause_mode":0,"process_priority":0,"script":Resource( "res://addons/scatter/src/modifiers/distribute_inside_random.gd" ),"enabled":true,"display_name":"Distribute Inside (Random)","category":"Distribute","warning":"","warning_ignore_no_transforms":true,"override_global_seed":false,"custom_seed":0,"instance_count":1000,"_rng":Object(RandomNumberGenerator,"seed":2868290111218556411,"state":622822853685497022,"script":null)
)
, Object(Node,"_import_path":NodePath(""),"pause_mode":0,"process_priority":0,"script":Resource( "res://addons/scatter/src/modifiers/randomize_transforms.gd" ),"enabled":true,"display_name":"Randomize Transforms","category":"Edit","warning":"","warning_ignore_no_transforms":false,"override_global_seed":false,"custom_seed":0,"local_space":false,"position":Vector3( 0, 0, 0 ),"rotation":Vector3( 360, 360, 360 ),"scale":Vector3( 0, 0, 0 ),"_rng":Object(RandomNumberGenerator,"seed":3791019026830466639,"state":-7191278631412660350,"script":null)
)
, Object(Node,"_import_path":NodePath(""),"pause_mode":0,"process_priority":0,"script":Resource( "res://addons/scatter/src/modifiers/exclude_along_path.gd" ),"enabled":true,"display_name":"Exclude Along Path","category":"Remove","warning":"","warning_ignore_no_transforms":false,"Scatter":Object(Node,"_import_path":NodePath(""),"pause_mode":0,"process_priority":0,"script":Resource( "res://addons/scatter/src/core/namespace.gd" ),"_root":"res://addons/scatter","ScatterPath":Resource( "res://addons/scatter/src/core/scatter_path.gd" ),"Scatter":ExtResource( 15 ),"ScatterItem":ExtResource( 14 ),"Transforms":Resource( "res://addons/scatter/src/core/transforms.gd" ),"ModifierStack":Resource( "res://addons/scatter/src/core/modifier_stack.gd" ),"UpdateGroup":Resource( "res://addons/scatter/src/core/update_group.gd" ),"ExcludePoint":Resource( "res://addons/scatter/src/core/scatter_exclude_point.gd" ),"Util":Resource( "res://addons/scatter/src/common/util.gd" ))
,"path_name":"../Scatter2","width":30.0,"ignore_height":true,"falloff":"{\"points\":[{\"lm\":0,\"lt\":0,\"x\":0,\"y\":0,\"rm\":0,\"rt\":0},{\"lm\":0,\"lt\":0,\"x\":1,\"y\":0,\"rm\":0,\"rt\":0}],\"parameters\":{\"min\":0,\"max\":1,\"res\":100}}","override_global_seed":false,"custom_seed":0,"_rng":Object(RandomNumberGenerator,"seed":-8754233787921567687,"state":-1487148313504775260,"script":null)
)
 ],"just_created":false,"undo_redo":Object(UndoRedo,"script":null)
)


[node name="ScatterItem" type="Spatial" parent="Scatter"]
script = ExtResource( 14 )
proportion = 200
item_path = "res://src/Asteroid/Asteroid.tscn"

[node name="Duplicates" type="Spatial" parent="Scatter/ScatterItem"]

[node name="asteroid" type="RigidBody" parent="Scatter/ScatterItem/Duplicates" instance=ExtResource( 2 )]
transform = Transform( -0.72651, 0.687149, -0.00310359, 0, -0.00451657, -0.99999, -0.687156, -0.726502, 0.00328133, -200.779, 0.057599, -51.8395 )
physics_material_override = ExtResource( 19 )
contacts_reported = 10
contact_monitor = true
axis_lock_linear_y = true
script = ExtResource( 11 )
parts = [ ExtResource( 20 ), ExtResource( 13 ), ExtResource( 21 ), ExtResource( 18 ), ExtResource( 12 ) ]

[node name="asteroid2" type="RigidBody" parent="Scatter/ScatterItem/Duplicates" instance=ExtResource( 2 )]
transform = Transform( 0.51673, 0.721409, 0.461041, 0, 0.538506, -0.842622, -0.856149, 0.435408, 0.278262, -218.435, 0.057599, -12.0298 )
physics_material_override = ExtResource( 19 )
contacts_reported = 10
contact_monitor = true
axis_lock_linear_y = true
script = ExtResource( 11 )
parts = [ ExtResource( 20 ), ExtResource( 13 ), ExtResource( 21 ), ExtResource( 18 ), ExtResource( 12 ) ]

[node name="asteroid3" type="RigidBody" parent="Scatter/ScatterItem/Duplicates" instance=ExtResource( 2 )]
transform = Transform( 0.273059, 0.957596, 0.0919148, 0, 0.0955458, -0.995425, -0.961997, 0.27181, 0.0260897, 29.0548, 0.057599, 27.1723 )
physics_material_override = ExtResource( 19 )
contacts_reported = 10
contact_monitor = true
axis_lock_linear_y = true
script = ExtResource( 11 )
parts = [ ExtResource( 20 ), ExtResource( 13 ), ExtResource( 21 ), ExtResource( 18 ), ExtResource( 12 ) ]

[node name="asteroid4" type="RigidBody" parent="Scatter/ScatterItem/Duplicates" instance=ExtResource( 2 )]
transform = Transform( -0.0775159, -0.211212, 0.974362, 0, 0.977302, 0.21185, -0.996991, 0.0164217, -0.0757565, 37.7748, 0.057599, -124.426 )
physics_material_override = ExtResource( 19 )
contacts_reported = 10
contact_monitor = true
axis_lock_linear_y = true
script = ExtResource( 11 )
parts = [ ExtResource( 20 ), ExtResource( 13 ), ExtResource( 21 ), ExtResource( 18 ), ExtResource( 12 ) ]

[node name="asteroid5" type="RigidBody" parent="Scatter/ScatterItem/Duplicates" instance=ExtResource( 2 )]
transform = Transform( -0.892359, -0.222879, 0.392455, 0, -0.869558, -0.49383, 0.451327, -0.440674, 0.775958, -2.88259, 0.057599, 4.26163 )
physics_material_override = ExtResource( 19 )
contacts_reported = 10
contact_monitor = true
axis_lock_linear_y = true
script = ExtResource( 11 )
parts = [ ExtResource( 20 ), ExtResource( 13 ), ExtResource( 21 ), ExtResource( 18 ), ExtResource( 12 ) ]

[node name="asteroid6" type="RigidBody" parent="Scatter/ScatterItem/Duplicates" instance=ExtResource( 2 )]
transform = Transform( 0.150677, -0.810162, -0.566511, 0, -0.573053, 0.819518, -0.988583, -0.123482, -0.0863457, 187.304, 0.057599, -94.1179 )
physics_material_override = ExtResource( 19 )
contacts_reported = 10
contact_monitor = true
axis_lock_linear_y = true
script = ExtResource( 11 )
parts = [ ExtResource( 20 ), ExtResource( 13 ), ExtResource( 21 ), ExtResource( 18 ), ExtResource( 12 ) ]

[node name="asteroid7" type="RigidBody" parent="Scatter/ScatterItem/Duplicates" instance=ExtResource( 2 )]
transform = Transform( 0.988103, 0.0343191, -0.149914, 0, 0.974784, 0.223152, 0.153792, -0.220498, 0.963187, -121.317, 0.057599, -104.353 )
physics_material_override = ExtResource( 19 )
contacts_reported = 10
contact_monitor = true
axis_lock_linear_y = true
script = ExtResource( 11 )
parts = [ ExtResource( 20 ), ExtResource( 13 ), ExtResource( 21 ), ExtResource( 18 ), ExtResource( 12 ) ]

[node name="asteroid8" type="RigidBody" parent="Scatter/ScatterItem/Duplicates" instance=ExtResource( 2 )]
transform = Transform( -0.64, -0.750928, 0.162812, 0, -0.211891, -0.977293, 0.768375, -0.625468, 0.13561, -277.608, 0.057599, -35.7972 )
physics_material_override = ExtResource( 19 )
contacts_reported = 10
contact_monitor = true
axis_lock_linear_y = true
script = ExtResource( 11 )
parts = [ ExtResource( 20 ), ExtResource( 13 ), ExtResource( 21 ), ExtResource( 18 ), ExtResource( 12 ) ]

[node name="asteroid9" type="RigidBody" parent="Scatter/ScatterItem/Duplicates" instance=ExtResource( 2 )]
transform = Transform( 0.995087, -0.0822651, 0.0550902, 0, -0.556425, -0.830898, 0.0990074, 0.826815, -0.553691, 108.807, 0.057599, 60.1794 )
physics_material_override = ExtResource( 19 )
contacts_reported = 10
contact_monitor = true
axis_lock_linear_y = true
script = ExtResource( 11 )
parts = [ ExtResource( 20 ), ExtResource( 13 ), ExtResource( 21 ), ExtResource( 18 ), ExtResource( 12 ) ]

[node name="asteroid10" type="RigidBody" parent="Scatter/ScatterItem/Duplicates" instance=ExtResource( 2 )]
transform = Transform( -0.756031, -0.475682, -0.449604, 0, 0.686905, -0.726747, 0.654536, -0.549443, -0.519321, -284.382, 0.057599, -8.51105 )
physics_material_override = ExtResource( 19 )
contacts_reported = 10
contact_monitor = true
axis_lock_linear_y = true
script = ExtResource( 11 )
parts = [ ExtResource( 20 ), ExtResource( 13 ), ExtResource( 21 ), ExtResource( 18 ), ExtResource( 12 ) ]

[node name="asteroid11" type="RigidBody" parent="Scatter/ScatterItem/Duplicates" instance=ExtResource( 2 )]
transform = Transform( -0.960016, 0.0982127, 0.262151, 0, 0.936439, -0.350829, -0.279945, -0.336802, -0.898997, 103.734, 0.057599, -8.50776 )
physics_material_override = ExtResource( 19 )
contacts_reported = 10
contact_monitor = true
axis_lock_linear_y = true
script = ExtResource( 11 )
parts = [ ExtResource( 20 ), ExtResource( 13 ), ExtResource( 21 ), ExtResource( 18 ), ExtResource( 12 ) ]

[node name="asteroid12" type="RigidBody" parent="Scatter/ScatterItem/Duplicates" instance=ExtResource( 2 )]
transform = Transform( 0.0924286, -0.472811, -0.876303, 0, -0.88007, 0.474844, -0.995719, -0.0438891, -0.0813436, -107.797, 0.057599, -112.741 )
physics_material_override = ExtResource( 19 )
contacts_reported = 10
contact_monitor = true
axis_lock_linear_y = true
script = ExtResource( 11 )
parts = [ ExtResource( 20 ), ExtResource( 13 ), ExtResource( 21 ), ExtResource( 18 ), ExtResource( 12 ) ]

[node name="asteroid13" type="RigidBody" parent="Scatter/ScatterItem/Duplicates" instance=ExtResource( 2 )]
transform = Transform( -0.999378, -0.0118498, -0.0332011, 0, -0.941811, 0.336142, -0.0352524, 0.335933, 0.941226, -264.812, 0.057599, 11.1373 )
physics_material_override = ExtResource( 19 )
contacts_reported = 10
contact_monitor = true
axis_lock_linear_y = true
script = ExtResource( 11 )
parts = [ ExtResource( 20 ), ExtResource( 13 ), ExtResource( 21 ), ExtResource( 18 ), ExtResource( 12 ) ]

[node name="asteroid14" type="RigidBody" parent="Scatter/ScatterItem/Duplicates" instance=ExtResource( 2 )]
transform = Transform( 0.954692, -0.289616, -0.0684524, 0, 0.230018, -0.973186, 0.297596, 0.929093, 0.219596, -86.8246, 0.057599, -34.5528 )
physics_material_override = ExtResource( 19 )
contacts_reported = 10
contact_monitor = true
axis_lock_linear_y = true
script = ExtResource( 11 )
parts = [ ExtResource( 20 ), ExtResource( 13 ), ExtResource( 21 ), ExtResource( 18 ), ExtResource( 12 ) ]

[node name="asteroid15" type="RigidBody" parent="Scatter/ScatterItem/Duplicates" instance=ExtResource( 2 )]
transform = Transform( -0.912863, 0.150028, -0.3797, 0, -0.930033, -0.367476, -0.408265, -0.335456, 0.848993, 181.759, 0.057599, -17.3301 )
physics_material_override = ExtResource( 19 )
contacts_reported = 10
contact_monitor = true
axis_lock_linear_y = true
script = ExtResource( 11 )
parts = [ ExtResource( 20 ), ExtResource( 13 ), ExtResource( 21 ), ExtResource( 18 ), ExtResource( 12 ) ]

[node name="asteroid16" type="RigidBody" parent="Scatter/ScatterItem/Duplicates" instance=ExtResource( 2 )]
transform = Transform( 0.552415, 0.720879, 0.418535, 0, -0.5021, 0.86481, 0.833569, -0.477734, -0.277368, 35.1466, 0.057599, -116.924 )
physics_material_override = ExtResource( 19 )
contacts_reported = 10
contact_monitor = true
axis_lock_linear_y = true
script = ExtResource( 11 )
parts = [ ExtResource( 20 ), ExtResource( 13 ), ExtResource( 21 ), ExtResource( 18 ), ExtResource( 12 ) ]

[node name="asteroid17" type="RigidBody" parent="Scatter/ScatterItem/Duplicates" instance=ExtResource( 2 )]
transform = Transform( -0.891553, 0.214321, 0.398998, 0, 0.880954, -0.473203, -0.452915, -0.421885, -0.785417, -238.046, 0.057599, 109.586 )
physics_material_override = ExtResource( 19 )
contacts_reported = 10
contact_monitor = true
axis_lock_linear_y = true
script = ExtResource( 11 )
parts = [ ExtResource( 20 ), ExtResource( 13 ), ExtResource( 21 ), ExtResource( 18 ), ExtResource( 12 ) ]

[node name="asteroid18" type="RigidBody" parent="Scatter/ScatterItem/Duplicates" instance=ExtResource( 2 )]
transform = Transform( -0.270629, 0.95912, -0.0827551, 0, 0.0859629, 0.996298, 0.962684, 0.269628, -0.0232641, -8.63322, 0.057599, 54.3756 )
physics_material_override = ExtResource( 19 )
contacts_reported = 10
contact_monitor = true
axis_lock_linear_y = true
script = ExtResource( 11 )
parts = [ ExtResource( 20 ), ExtResource( 13 ), ExtResource( 21 ), ExtResource( 18 ), ExtResource( 12 ) ]

[node name="asteroid19" type="RigidBody" parent="Scatter/ScatterItem/Duplicates" instance=ExtResource( 2 )]
transform = Transform( -0.147796, -0.813653, -0.56225, 0, 0.568493, -0.822688, 0.989018, -0.12159, -0.0840209, -80.396, 0.057599, -36.5114 )
physics_material_override = ExtResource( 19 )
contacts_reported = 10
contact_monitor = true
axis_lock_linear_y = true
script = ExtResource( 11 )
parts = [ ExtResource( 20 ), ExtResource( 13 ), ExtResource( 21 ), ExtResource( 18 ), ExtResource( 12 ) ]

[node name="asteroid20" type="RigidBody" parent="Scatter/ScatterItem/Duplicates" instance=ExtResource( 2 )]
transform = Transform( -0.544497, -0.191841, -0.816529, 0, -0.973493, 0.228719, -0.838763, 0.124537, 0.530064, 105.933, 0.057599, -76.1198 )
physics_material_override = ExtResource( 19 )
contacts_reported = 10
contact_monitor = true
axis_lock_linear_y = true
script = ExtResource( 11 )
parts = [ ExtResource( 20 ), ExtResource( 13 ), ExtResource( 21 ), ExtResource( 18 ), ExtResource( 12 ) ]

[node name="asteroid21" type="RigidBody" parent="Scatter/ScatterItem/Duplicates" instance=ExtResource( 2 )]
transform = Transform( -0.914505, 0.084727, -0.395604, 0, 0.977825, 0.209422, 0.404576, 0.191517, -0.894226, 182.426, 0.057599, -20.4097 )
physics_material_override = ExtResource( 19 )
contacts_reported = 10
contact_monitor = true
axis_lock_linear_y = true
script = ExtResource( 11 )
parts = [ ExtResource( 20 ), ExtResource( 13 ), ExtResource( 21 ), ExtResource( 18 ), ExtResource( 12 ) ]

[node name="asteroid22" type="RigidBody" parent="Scatter/ScatterItem/Duplicates" instance=ExtResource( 2 )]
transform = Transform( 0.943487, -0.331409, 0.000732515, 0, -0.0022103, -0.999998, 0.331409, 0.943485, -0.00208539, 27.3295, 0.057599, -102.743 )
physics_material_override = ExtResource( 19 )
contacts_reported = 10
contact_monitor = true
axis_lock_linear_y = true
script = ExtResource( 11 )
parts = [ ExtResource( 20 ), ExtResource( 13 ), ExtResource( 21 ), ExtResource( 18 ), ExtResource( 12 ) ]

[node name="asteroid23" type="RigidBody" parent="Scatter/ScatterItem/Duplicates" instance=ExtResource( 2 )]
transform = Transform( -0.866062, 0.113259, 0.486939, 0, 0.974, -0.226547, -0.499937, -0.196204, -0.843544, -254.542, 0.057599, -62.3262 )
physics_material_override = ExtResource( 19 )
contacts_reported = 10
contact_monitor = true
axis_lock_linear_y = true
script = ExtResource( 11 )
parts = [ ExtResource( 20 ), ExtResource( 13 ), ExtResource( 21 ), ExtResource( 18 ), ExtResource( 12 ) ]

[node name="asteroid24" type="RigidBody" parent="Scatter/ScatterItem/Duplicates" instance=ExtResource( 2 )]
transform = Transform( 0.306668, -0.926753, 0.216989, 0, 0.227974, 0.973667, -0.951817, -0.298592, 0.0699122, -248.842, 0.057599, -82.279 )
physics_material_override = ExtResource( 19 )
contacts_reported = 10
contact_monitor = true
axis_lock_linear_y = true
script = ExtResource( 11 )
parts = [ ExtResource( 20 ), ExtResource( 13 ), ExtResource( 21 ), ExtResource( 18 ), ExtResource( 12 ) ]

[node name="asteroid25" type="RigidBody" parent="Scatter/ScatterItem/Duplicates" instance=ExtResource( 2 )]
transform = Transform( 0.260512, 0.374222, 0.889995, 0, -0.921825, 0.387606, 0.965471, -0.100976, -0.240146, -34.438, 0.057599, -118.783 )
physics_material_override = ExtResource( 19 )
contacts_reported = 10
contact_monitor = true
axis_lock_linear_y = true
script = ExtResource( 11 )
parts = [ ExtResource( 20 ), ExtResource( 13 ), ExtResource( 21 ), ExtResource( 18 ), ExtResource( 12 ) ]

[node name="asteroid26" type="RigidBody" parent="Scatter/ScatterItem/Duplicates" instance=ExtResource( 2 )]
transform = Transform( -0.919066, 0.0999532, 0.381217, 0, 0.967303, -0.253622, -0.394103, -0.233095, -0.889016, 133.19, 0.057599, 24.748 )
physics_material_override = ExtResource( 19 )
contacts_reported = 10
contact_monitor = true
axis_lock_linear_y = true
script = ExtResource( 11 )
parts = [ ExtResource( 20 ), ExtResource( 13 ), ExtResource( 21 ), ExtResource( 18 ), ExtResource( 12 ) ]

[node name="asteroid27" type="RigidBody" parent="Scatter/ScatterItem/Duplicates" instance=ExtResource( 2 )]
transform = Transform( -0.958192, -0.216716, 0.186824, 0, -0.652939, -0.75741, 0.286128, -0.725744, 0.625641, -165.846, 0.057599, -62.0073 )
physics_material_override = ExtResource( 19 )
contacts_reported = 10
contact_monitor = true
axis_lock_linear_y = true
script = ExtResource( 11 )
parts = [ ExtResource( 20 ), ExtResource( 13 ), ExtResource( 21 ), ExtResource( 18 ), ExtResource( 12 ) ]

[node name="asteroid28" type="RigidBody" parent="Scatter/ScatterItem/Duplicates" instance=ExtResource( 2 )]
transform = Transform( -0.191233, -0.932937, -0.305055, 0, -0.310791, 0.950478, -0.981545, 0.181763, 0.0594334, 43.7249, 0.057599, -111.555 )
physics_material_override = ExtResource( 19 )
contacts_reported = 10
contact_monitor = true
axis_lock_linear_y = true
script = ExtResource( 11 )
parts = [ ExtResource( 20 ), ExtResource( 13 ), ExtResource( 21 ), ExtResource( 18 ), ExtResource( 12 ) ]

[node name="asteroid29" type="RigidBody" parent="Scatter/ScatterItem/Duplicates" instance=ExtResource( 2 )]
transform = Transform( 0.237702, -0.30715, -0.921497, 0, -0.948688, 0.316213, -0.971338, -0.0751645, -0.225505, 22.7464, 0.057599, 81.7537 )
physics_material_override = ExtResource( 19 )
contacts_reported = 10
contact_monitor = true
axis_lock_linear_y = true
script = ExtResource( 11 )
parts = [ ExtResource( 20 ), ExtResource( 13 ), ExtResource( 21 ), ExtResource( 18 ), ExtResource( 12 ) ]

[node name="asteroid30" type="RigidBody" parent="Scatter/ScatterItem/Duplicates" instance=ExtResource( 2 )]
transform = Transform( 0.812185, -0.474939, -0.338803, 0, -0.58074, 0.814089, -0.583399, -0.661192, -0.471668, 117.312, 0.057599, -89.682 )
physics_material_override = ExtResource( 19 )
contacts_reported = 10
contact_monitor = true
axis_lock_linear_y = true
script = ExtResource( 11 )
parts = [ ExtResource( 20 ), ExtResource( 13 ), ExtResource( 21 ), ExtResource( 18 ), ExtResource( 12 ) ]

[node name="asteroid31" type="RigidBody" parent="Scatter/ScatterItem/Duplicates" instance=ExtResource( 2 )]
transform = Transform( 0.987912, 0.0843524, 0.130055, 0, -0.838984, 0.544155, 0.155015, -0.537578, -0.828843, 140.194, 0.057599, 42.4089 )
physics_material_override = ExtResource( 19 )
contacts_reported = 10
contact_monitor = true
axis_lock_linear_y = true
script = ExtResource( 11 )
parts = [ ExtResource( 20 ), ExtResource( 13 ), ExtResource( 21 ), ExtResource( 18 ), ExtResource( 12 ) ]

[node name="asteroid32" type="RigidBody" parent="Scatter/ScatterItem/Duplicates" instance=ExtResource( 2 )]
transform = Transform( 0.863738, 0.388354, 0.321151, 0, -0.637279, 0.770633, 0.503941, -0.665625, -0.550442, -262.59, 0.057599, -75.3091 )
physics_material_override = ExtResource( 19 )
contacts_reported = 10
contact_monitor = true
axis_lock_linear_y = true
script = ExtResource( 11 )
parts = [ ExtResource( 20 ), ExtResource( 13 ), ExtResource( 21 ), ExtResource( 18 ), ExtResource( 12 ) ]

[node name="asteroid33" type="RigidBody" parent="Scatter/ScatterItem/Duplicates" instance=ExtResource( 2 )]
transform = Transform( 0.833226, 0.505675, -0.22367, 0, -0.404515, -0.914532, -0.552933, 0.762011, -0.337052, -178.993, 0.057599, -17.2948 )
physics_material_override = ExtResource( 19 )
contacts_reported = 10
contact_monitor = true
axis_lock_linear_y = true
script = ExtResource( 11 )
parts = [ ExtResource( 20 ), ExtResource( 13 ), ExtResource( 21 ), ExtResource( 18 ), ExtResource( 12 ) ]

[node name="asteroid34" type="RigidBody" parent="Scatter/ScatterItem/Duplicates" instance=ExtResource( 2 )]
transform = Transform( -0.985637, 0.15374, -0.0698912, 0, -0.41385, -0.910345, -0.168881, -0.89727, 0.407905, -144.379, 0.057599, -81.5796 )
physics_material_override = ExtResource( 19 )
contacts_reported = 10
contact_monitor = true
axis_lock_linear_y = true
script = ExtResource( 11 )
parts = [ ExtResource( 20 ), ExtResource( 13 ), ExtResource( 21 ), ExtResource( 18 ), ExtResource( 12 ) ]

[node name="asteroid35" type="RigidBody" parent="Scatter/ScatterItem/Duplicates" instance=ExtResource( 2 )]
transform = Transform( -0.438702, -0.87545, -0.202802, 0, -0.225679, 0.974202, -0.898633, 0.427384, 0.0990056, -58.9886, 0.057599, -35.2839 )
physics_material_override = ExtResource( 19 )
contacts_reported = 10
contact_monitor = true
axis_lock_linear_y = true
script = ExtResource( 11 )
parts = [ ExtResource( 20 ), ExtResource( 13 ), ExtResource( 21 ), ExtResource( 18 ), ExtResource( 12 ) ]

[node name="asteroid36" type="RigidBody" parent="Scatter/ScatterItem/Duplicates" instance=ExtResource( 2 )]
transform = Transform( -0.650107, 0.706298, 0.280187, 0, -0.368743, 0.929531, 0.759843, 0.604294, 0.239722, 135.964, 0.057599, -41.0829 )
physics_material_override = ExtResource( 19 )
contacts_reported = 10
contact_monitor = true
axis_lock_linear_y = true
script = ExtResource( 11 )
parts = [ ExtResource( 20 ), ExtResource( 13 ), ExtResource( 21 ), ExtResource( 18 ), ExtResource( 12 ) ]

[node name="asteroid37" type="RigidBody" parent="Scatter/ScatterItem/Duplicates" instance=ExtResource( 2 )]
transform = Transform( -0.978616, -0.182626, 0.0946516, 0, 0.460151, 0.887841, -0.205697, 0.868855, -0.450311, -63.9493, 0.057599, 40.4042 )
physics_material_override = ExtResource( 19 )
contacts_reported = 10
contact_monitor = true
axis_lock_linear_y = true
script = ExtResource( 11 )
parts = [ ExtResource( 20 ), ExtResource( 13 ), ExtResource( 21 ), ExtResource( 18 ), ExtResource( 12 ) ]

[node name="asteroid38" type="RigidBody" parent="Scatter/ScatterItem/Duplicates" instance=ExtResource( 2 )]
transform = Transform( 0.818146, 0.514258, 0.257247, 0, -0.447377, 0.894345, 0.575011, -0.731705, -0.36602, -280.097, 0.057599, -7.52339 )
physics_material_override = ExtResource( 19 )
contacts_reported = 10
contact_monitor = true
axis_lock_linear_y = true
script = ExtResource( 11 )
parts = [ ExtResource( 20 ), ExtResource( 13 ), ExtResource( 21 ), ExtResource( 18 ), ExtResource( 12 ) ]

[node name="asteroid39" type="RigidBody" parent="Scatter/ScatterItem/Duplicates" instance=ExtResource( 2 )]
transform = Transform( 0.474355, -0.551488, -0.686184, 0, -0.779459, 0.626454, -0.880333, -0.297162, -0.36974, 34.4157, 0.057599, 74.1935 )
physics_material_override = ExtResource( 19 )
contacts_reported = 10
contact_monitor = true
axis_lock_linear_y = true
script = ExtResource( 11 )
parts = [ ExtResource( 20 ), ExtResource( 13 ), ExtResource( 21 ), ExtResource( 18 ), ExtResource( 12 ) ]

[node name="asteroid40" type="RigidBody" parent="Scatter/ScatterItem/Duplicates" instance=ExtResource( 2 )]
transform = Transform( 0.917929, 0.123264, 0.377112, 0, -0.950512, 0.310687, 0.396746, -0.285188, -0.872502, -135.546, 0.057599, -168.382 )
physics_material_override = ExtResource( 19 )
contacts_reported = 10
contact_monitor = true
axis_lock_linear_y = true
script = ExtResource( 11 )
parts = [ ExtResource( 20 ), ExtResource( 13 ), ExtResource( 21 ), ExtResource( 18 ), ExtResource( 12 ) ]

[node name="asteroid41" type="RigidBody" parent="Scatter/ScatterItem/Duplicates" instance=ExtResource( 2 )]
transform = Transform( -0.214808, 0.932878, 0.28913, 0, -0.296041, 0.955175, 0.976656, 0.205179, 0.063592, -39.4441, 0.057599, -148.631 )
physics_material_override = ExtResource( 19 )
contacts_reported = 10
contact_monitor = true
axis_lock_linear_y = true
script = ExtResource( 11 )
parts = [ ExtResource( 20 ), ExtResource( 13 ), ExtResource( 21 ), ExtResource( 18 ), ExtResource( 12 ) ]

[node name="asteroid42" type="RigidBody" parent="Scatter/ScatterItem/Duplicates" instance=ExtResource( 2 )]
transform = Transform( 0.960322, 0.136287, -0.243328, 0, 0.87247, 0.488668, 0.278895, -0.469278, 0.837852, -165.816, 0.057599, 133.157 )
physics_material_override = ExtResource( 19 )
contacts_reported = 10
contact_monitor = true
axis_lock_linear_y = true
script = ExtResource( 11 )
parts = [ ExtResource( 20 ), ExtResource( 13 ), ExtResource( 21 ), ExtResource( 18 ), ExtResource( 12 ) ]

[node name="asteroid43" type="RigidBody" parent="Scatter/ScatterItem/Duplicates" instance=ExtResource( 2 )]
transform = Transform( -0.924503, 0.376181, 0.0615034, 0, -0.161352, 0.986897, 0.381176, 0.912389, 0.14917, -248.731, 0.057599, 101.548 )
physics_material_override = ExtResource( 19 )
contacts_reported = 10
contact_monitor = true
axis_lock_linear_y = true
script = ExtResource( 11 )
parts = [ ExtResource( 20 ), ExtResource( 13 ), ExtResource( 21 ), ExtResource( 18 ), ExtResource( 12 ) ]

[node name="asteroid44" type="RigidBody" parent="Scatter/ScatterItem/Duplicates" instance=ExtResource( 2 )]
transform = Transform( -0.980916, 0.0437955, -0.189433, 0, 0.974301, 0.225251, 0.19443, 0.220953, -0.955708, 125.728, 0.057599, -34.9961 )
physics_material_override = ExtResource( 19 )
contacts_reported = 10
contact_monitor = true
axis_lock_linear_y = true
script = ExtResource( 11 )
parts = [ ExtResource( 20 ), ExtResource( 13 ), ExtResource( 21 ), ExtResource( 18 ), ExtResource( 12 ) ]

[node name="asteroid45" type="RigidBody" parent="Scatter/ScatterItem/Duplicates" instance=ExtResource( 2 )]
transform = Transform( -0.553812, -0.82675, -0.0988751, 0, 0.118749, -0.992924, 0.832642, -0.549893, -0.0657644, -7.65345, 0.057599, -38.5862 )
physics_material_override = ExtResource( 19 )
contacts_reported = 10
contact_monitor = true
axis_lock_linear_y = true
script = ExtResource( 11 )
parts = [ ExtResource( 20 ), ExtResource( 13 ), ExtResource( 21 ), ExtResource( 18 ), ExtResource( 12 ) ]

[node name="asteroid46" type="RigidBody" parent="Scatter/ScatterItem/Duplicates" instance=ExtResource( 2 )]
transform = Transform( 0.0407932, -0.257958, -0.965295, 0, -0.966099, 0.258173, -0.999168, -0.0105317, -0.0394102, -177.627, 0.057599, -22.9332 )
physics_material_override = ExtResource( 19 )
contacts_reported = 10
contact_monitor = true
axis_lock_linear_y = true
script = ExtResource( 11 )
parts = [ ExtResource( 20 ), ExtResource( 13 ), ExtResource( 21 ), ExtResource( 18 ), ExtResource( 12 ) ]

[node name="asteroid47" type="RigidBody" parent="Scatter/ScatterItem/Duplicates" instance=ExtResource( 2 )]
transform = Transform( -0.00228664, 0.91226, -0.409605, 0, 0.409606, 0.912262, 0.999997, 0.00208604, -0.000936627, -81.3527, 0.057599, -122.161 )
physics_material_override = ExtResource( 19 )
contacts_reported = 10
contact_monitor = true
axis_lock_linear_y = true
script = ExtResource( 11 )
parts = [ ExtResource( 20 ), ExtResource( 13 ), ExtResource( 21 ), ExtResource( 18 ), ExtResource( 12 ) ]

[node name="asteroid48" type="RigidBody" parent="Scatter/ScatterItem/Duplicates" instance=ExtResource( 2 )]
transform = Transform( -0.768395, 0.17768, -0.614816, 0, -0.960686, -0.277636, -0.639976, -0.213334, 0.738187, -192.947, 0.057599, -46.7001 )
physics_material_override = ExtResource( 19 )
contacts_reported = 10
contact_monitor = true
axis_lock_linear_y = true
script = ExtResource( 11 )
parts = [ ExtResource( 20 ), ExtResource( 13 ), ExtResource( 21 ), ExtResource( 18 ), ExtResource( 12 ) ]

[node name="asteroid49" type="RigidBody" parent="Scatter/ScatterItem/Duplicates" instance=ExtResource( 2 )]
transform = Transform( 0.99037, -0.00679731, 0.138281, 0, -0.998794, -0.0490965, 0.138448, 0.0486237, -0.989175, 183.217, 0.057599, 2.59947 )
physics_material_override = ExtResource( 19 )
contacts_reported = 10
contact_monitor = true
axis_lock_linear_y = true
script = ExtResource( 11 )
parts = [ ExtResource( 20 ), ExtResource( 13 ), ExtResource( 21 ), ExtResource( 18 ), ExtResource( 12 ) ]

[node name="asteroid50" type="RigidBody" parent="Scatter/ScatterItem/Duplicates" instance=ExtResource( 2 )]
transform = Transform( 0.448261, -0.00644428, 0.89388, 0, -0.999974, -0.00720915, 0.893903, 0.00323158, -0.448249, -195.519, 0.057599, -135.299 )
physics_material_override = ExtResource( 19 )
contacts_reported = 10
contact_monitor = true
axis_lock_linear_y = true
script = ExtResource( 11 )
parts = [ ExtResource( 20 ), ExtResource( 13 ), ExtResource( 21 ), ExtResource( 18 ), ExtResource( 12 ) ]

[node name="asteroid51" type="RigidBody" parent="Scatter/ScatterItem/Duplicates" instance=ExtResource( 2 )]
transform = Transform( 0.583115, 0.506578, -0.635103, 0, -0.781771, -0.623566, -0.81239, 0.36361, -0.455862, 54.3005, 0.057599, 72.6222 )
physics_material_override = ExtResource( 19 )
contacts_reported = 10
contact_monitor = true
axis_lock_linear_y = true
script = ExtResource( 11 )
parts = [ ExtResource( 20 ), ExtResource( 13 ), ExtResource( 21 ), ExtResource( 18 ), ExtResource( 12 ) ]

[node name="asteroid52" type="RigidBody" parent="Scatter/ScatterItem/Duplicates" instance=ExtResource( 2 )]
transform = Transform( 0.988712, 0.133842, -0.0673451, 0, -0.449475, -0.893293, -0.14983, 0.883209, -0.444402, -127.612, 0.057599, -155.595 )
physics_material_override = ExtResource( 19 )
contacts_reported = 10
contact_monitor = true
axis_lock_linear_y = true
script = ExtResource( 11 )
parts = [ ExtResource( 20 ), ExtResource( 13 ), ExtResource( 21 ), ExtResource( 18 ), ExtResource( 12 ) ]

[node name="asteroid53" type="RigidBody" parent="Scatter/ScatterItem/Duplicates" instance=ExtResource( 2 )]
transform = Transform( -0.752813, 0.644679, 0.132895, 0, 0.201897, -0.979407, -0.658234, -0.73731, -0.151991, 41.6561, 0.057599, -90.2 )
physics_material_override = ExtResource( 19 )
contacts_reported = 10
contact_monitor = true
axis_lock_linear_y = true
script = ExtResource( 11 )
parts = [ ExtResource( 20 ), ExtResource( 13 ), ExtResource( 21 ), ExtResource( 18 ), ExtResource( 12 ) ]

[node name="asteroid54" type="RigidBody" parent="Scatter/ScatterItem/Duplicates" instance=ExtResource( 2 )]
transform = Transform( 0.892061, 0.395281, -0.219042, 0, 0.484698, 0.874681, 0.451915, -0.780269, 0.43238, 34.6622, 0.057599, -11.9367 )
physics_material_override = ExtResource( 19 )
contacts_reported = 10
contact_monitor = true
axis_lock_linear_y = true
script = ExtResource( 11 )
parts = [ ExtResource( 20 ), ExtResource( 13 ), ExtResource( 21 ), ExtResource( 18 ), ExtResource( 12 ) ]

[node name="asteroid55" type="RigidBody" parent="Scatter/ScatterItem/Duplicates" instance=ExtResource( 2 )]
transform = Transform( -0.0360944, -0.148742, 0.988217, 0, 0.988862, 0.148839, -0.999348, 0.00537225, -0.0356924, 107.357, 0.057599, -86.0769 )
physics_material_override = ExtResource( 19 )
contacts_reported = 10
contact_monitor = true
axis_lock_linear_y = true
script = ExtResource( 11 )
parts = [ ExtResource( 20 ), ExtResource( 13 ), ExtResource( 21 ), ExtResource( 18 ), ExtResource( 12 ) ]

[node name="asteroid56" type="RigidBody" parent="Scatter/ScatterItem/Duplicates" instance=ExtResource( 2 )]
transform = Transform( 0.515964, -0.788135, -0.335595, 0, 0.391771, -0.920063, 0.85661, 0.474719, 0.20214, 42.6439, 0.057599, 78.7166 )
physics_material_override = ExtResource( 19 )
contacts_reported = 10
contact_monitor = true
axis_lock_linear_y = true
script = ExtResource( 11 )
parts = [ ExtResource( 20 ), ExtResource( 13 ), ExtResource( 21 ), ExtResource( 18 ), ExtResource( 12 ) ]

[node name="asteroid57" type="RigidBody" parent="Scatter/ScatterItem/Duplicates" instance=ExtResource( 2 )]
transform = Transform( 0.0189211, -0.861736, -0.507004, 0, 0.507095, -0.86189, 0.999821, 0.0163079, 0.00959478, 117.197, 0.057599, 70.578 )
physics_material_override = ExtResource( 19 )
contacts_reported = 10
contact_monitor = true
axis_lock_linear_y = true
script = ExtResource( 11 )
parts = [ ExtResource( 20 ), ExtResource( 13 ), ExtResource( 21 ), ExtResource( 18 ), ExtResource( 12 ) ]

[node name="asteroid58" type="RigidBody" parent="Scatter/ScatterItem/Duplicates" instance=ExtResource( 2 )]
transform = Transform( -0.502015, 0.833917, -0.229265, 0, -0.265089, -0.964224, -0.864859, -0.484055, 0.133079, -78.2682, 0.057599, 70.6469 )
physics_material_override = ExtResource( 19 )
contacts_reported = 10
contact_monitor = true
axis_lock_linear_y = true
script = ExtResource( 11 )
parts = [ ExtResource( 20 ), ExtResource( 13 ), ExtResource( 21 ), ExtResource( 18 ), ExtResource( 12 ) ]

[node name="asteroid59" type="RigidBody" parent="Scatter/ScatterItem/Duplicates" instance=ExtResource( 2 )]
transform = Transform( -0.253268, 0.782335, -0.569041, 0, -0.588219, -0.808702, -0.967396, -0.204818, 0.148977, -0.0943336, 0.057599, -104.596 )
physics_material_override = ExtResource( 19 )
contacts_reported = 10
contact_monitor = true
axis_lock_linear_y = true
script = ExtResource( 11 )
parts = [ ExtResource( 20 ), ExtResource( 13 ), ExtResource( 21 ), ExtResource( 18 ), ExtResource( 12 ) ]

[node name="asteroid60" type="RigidBody" parent="Scatter/ScatterItem/Duplicates" instance=ExtResource( 2 )]
transform = Transform( -0.031687, 0.119681, 0.992307, 0, -0.992805, 0.119741, 0.999498, 0.00379423, 0.0314591, -162.264, 0.057599, -85.8641 )
physics_material_override = ExtResource( 19 )
contacts_reported = 10
contact_monitor = true
axis_lock_linear_y = true
script = ExtResource( 11 )
parts = [ ExtResource( 20 ), ExtResource( 13 ), ExtResource( 21 ), ExtResource( 18 ), ExtResource( 12 ) ]

[node name="asteroid61" type="RigidBody" parent="Scatter/ScatterItem/Duplicates" instance=ExtResource( 2 )]
